2023/04/23-11:53:09.153546 30c87c000 RocksDB version: 5.18.4
2023/04/23-11:53:09.153594 30c87c000 Git sha rocksdb_build_git_sha:b9a4a10659969c71e6f6eab4e4bae8c36ede919f
2023/04/23-11:53:09.153596 30c87c000 Compile date Mar 11 2020
2023/04/23-11:53:09.153599 30c87c000 DB SUMMARY
2023/04/23-11:53:09.153873 30c87c000 CURRENT file:  CURRENT
2023/04/23-11:53:09.153876 30c87c000 IDENTITY file:  IDENTITY
2023/04/23-11:53:09.153932 30c87c000 MANIFEST file:  MANIFEST-000091 size: 512 Bytes
2023/04/23-11:53:09.153935 30c87c000 SST files in /Users/oovever/Documents/projcet/Github/nacos/nacos-resource/nacos-8848/data/protocol/raft/naming_persistent_service/log dir, Total Num: 1, files: 000097.sst 
2023/04/23-11:53:09.153936 30c87c000 Write Ahead Log file in /Users/oovever/Documents/projcet/Github/nacos/nacos-resource/nacos-8848/data/protocol/raft/naming_persistent_service/log: 000093.log size: 203 ; 
2023/04/23-11:53:09.153938 30c87c000                         Options.error_if_exists: 0
2023/04/23-11:53:09.153940 30c87c000                       Options.create_if_missing: 1
2023/04/23-11:53:09.153942 30c87c000                         Options.paranoid_checks: 1
2023/04/23-11:53:09.153943 30c87c000                                     Options.env: 0x137df1308
2023/04/23-11:53:09.153945 30c87c000                                Options.info_log: 0x600002ea2a30
2023/04/23-11:53:09.153945 30c87c000                Options.max_file_opening_threads: 16
2023/04/23-11:53:09.153946 30c87c000                              Options.statistics: 0x600003cf7720
2023/04/23-11:53:09.153947 30c87c000                               Options.use_fsync: 0
2023/04/23-11:53:09.153948 30c87c000                       Options.max_log_file_size: 0
2023/04/23-11:53:09.153949 30c87c000                  Options.max_manifest_file_size: 1073741824
2023/04/23-11:53:09.153950 30c87c000                   Options.log_file_time_to_roll: 0
2023/04/23-11:53:09.153951 30c87c000                       Options.keep_log_file_num: 1000
2023/04/23-11:53:09.153951 30c87c000                    Options.recycle_log_file_num: 0
2023/04/23-11:53:09.153952 30c87c000                         Options.allow_fallocate: 1
2023/04/23-11:53:09.153953 30c87c000                        Options.allow_mmap_reads: 0
2023/04/23-11:53:09.153954 30c87c000                       Options.allow_mmap_writes: 0
2023/04/23-11:53:09.153955 30c87c000                        Options.use_direct_reads: 0
2023/04/23-11:53:09.153955 30c87c000                        Options.use_direct_io_for_flush_and_compaction: 0
2023/04/23-11:53:09.153956 30c87c000          Options.create_missing_column_families: 1
2023/04/23-11:53:09.153957 30c87c000                              Options.db_log_dir: 
2023/04/23-11:53:09.153958 30c87c000                                 Options.wal_dir: /Users/oovever/Documents/projcet/Github/nacos/nacos-resource/nacos-8848/data/protocol/raft/naming_persistent_service/log
2023/04/23-11:53:09.153958 30c87c000                Options.table_cache_numshardbits: 6
2023/04/23-11:53:09.153959 30c87c000                      Options.max_subcompactions: 1
2023/04/23-11:53:09.153960 30c87c000                  Options.max_background_flushes: 1
2023/04/23-11:53:09.153961 30c87c000                         Options.WAL_ttl_seconds: 0
2023/04/23-11:53:09.153961 30c87c000                       Options.WAL_size_limit_MB: 0
2023/04/23-11:53:09.153962 30c87c000             Options.manifest_preallocation_size: 4194304
2023/04/23-11:53:09.153963 30c87c000                     Options.is_fd_close_on_exec: 1
2023/04/23-11:53:09.153964 30c87c000                   Options.advise_random_on_open: 1
2023/04/23-11:53:09.153964 30c87c000                    Options.db_write_buffer_size: 0
2023/04/23-11:53:09.153965 30c87c000                    Options.write_buffer_manager: 0x60000006d5c0
2023/04/23-11:53:09.153966 30c87c000         Options.access_hint_on_compaction_start: 1
2023/04/23-11:53:09.153967 30c87c000  Options.new_table_reader_for_compaction_inputs: 0
2023/04/23-11:53:09.153967 30c87c000           Options.random_access_max_buffer_size: 1048576
2023/04/23-11:53:09.153968 30c87c000                      Options.use_adaptive_mutex: 0
2023/04/23-11:53:09.153984 30c87c000                            Options.rate_limiter: 0x0
2023/04/23-11:53:09.153987 30c87c000     Options.sst_file_manager.rate_bytes_per_sec: 0
2023/04/23-11:53:09.153988 30c87c000                       Options.wal_recovery_mode: 2
2023/04/23-11:53:09.153989 30c87c000                  Options.enable_thread_tracking: 0
2023/04/23-11:53:09.153989 30c87c000                  Options.enable_pipelined_write: 0
2023/04/23-11:53:09.153990 30c87c000         Options.allow_concurrent_memtable_write: 1
2023/04/23-11:53:09.153991 30c87c000      Options.enable_write_thread_adaptive_yield: 1
2023/04/23-11:53:09.153992 30c87c000             Options.write_thread_max_yield_usec: 100
2023/04/23-11:53:09.153992 30c87c000            Options.write_thread_slow_yield_usec: 3
2023/04/23-11:53:09.153993 30c87c000                               Options.row_cache: None
2023/04/23-11:53:09.153994 30c87c000                              Options.wal_filter: None
2023/04/23-11:53:09.153995 30c87c000             Options.avoid_flush_during_recovery: 0
2023/04/23-11:53:09.153996 30c87c000             Options.allow_ingest_behind: 0
2023/04/23-11:53:09.153996 30c87c000             Options.preserve_deletes: 0
2023/04/23-11:53:09.153997 30c87c000             Options.two_write_queues: 0
2023/04/23-11:53:09.153998 30c87c000             Options.manual_wal_flush: 0
2023/04/23-11:53:09.153999 30c87c000             Options.max_background_jobs: 2
2023/04/23-11:53:09.153999 30c87c000             Options.max_background_compactions: 4
2023/04/23-11:53:09.154000 30c87c000             Options.avoid_flush_during_shutdown: 0
2023/04/23-11:53:09.154001 30c87c000           Options.writable_file_max_buffer_size: 1048576
2023/04/23-11:53:09.154002 30c87c000             Options.delayed_write_rate : 16777216
2023/04/23-11:53:09.154002 30c87c000             Options.max_total_wal_size: 0
2023/04/23-11:53:09.154003 30c87c000             Options.delete_obsolete_files_period_micros: 21600000000
2023/04/23-11:53:09.154004 30c87c000                   Options.stats_dump_period_sec: 600
2023/04/23-11:53:09.154005 30c87c000                          Options.max_open_files: -1
2023/04/23-11:53:09.154006 30c87c000                          Options.bytes_per_sync: 0
2023/04/23-11:53:09.154006 30c87c000                      Options.wal_bytes_per_sync: 0
2023/04/23-11:53:09.154007 30c87c000       Options.compaction_readahead_size: 0
2023/04/23-11:53:09.154008 30c87c000 Compression algorithms supported:
2023/04/23-11:53:09.154014 30c87c000 	kZSTD supported: 1
2023/04/23-11:53:09.154015 30c87c000 	kZlibCompression supported: 1
2023/04/23-11:53:09.154021 30c87c000 	kXpressCompression supported: 0
2023/04/23-11:53:09.154022 30c87c000 	kSnappyCompression supported: 1
2023/04/23-11:53:09.154023 30c87c000 	kZSTDNotFinalCompression supported: 1
2023/04/23-11:53:09.154024 30c87c000 	kLZ4HCCompression supported: 1
2023/04/23-11:53:09.154025 30c87c000 	kLZ4Compression supported: 1
2023/04/23-11:53:09.154025 30c87c000 	kBZip2Compression supported: 1
2023/04/23-11:53:09.154028 30c87c000 Fast CRC32 supported: Not supported on x86
2023/04/23-11:53:09.154404 30c87c000 [/version_set.cc:3508] Recovering from manifest file: MANIFEST-000091
2023/04/23-11:53:09.154457 30c87c000 [/column_family.cc:474] --------------- Options for column family [default]:
2023/04/23-11:53:09.154459 30c87c000               Options.comparator: leveldb.BytewiseComparator
2023/04/23-11:53:09.154461 30c87c000           Options.merge_operator: StringAppendOperator
2023/04/23-11:53:09.154465 30c87c000        Options.compaction_filter: None
2023/04/23-11:53:09.154466 30c87c000        Options.compaction_filter_factory: None
2023/04/23-11:53:09.154467 30c87c000         Options.memtable_factory: SkipListFactory
2023/04/23-11:53:09.154468 30c87c000            Options.table_factory: BlockBasedTable
2023/04/23-11:53:09.154492 30c87c000            table_factory options:   flush_block_policy_factory: FlushBlockBySizePolicyFactory (0x600000cf87e0)
  cache_index_and_filter_blocks: 0
  cache_index_and_filter_blocks_with_high_priority: 1
  pin_l0_filter_and_index_blocks_in_cache: 1
  pin_top_level_index_and_filter: 1
  index_type: 2
  hash_index_allow_collision: 1
  checksum: 1
  no_block_cache: 0
  block_cache: 0x600003ffa778
  block_cache_name: LRUCache
  block_cache_options:
    capacity : 536870912
    num_shard_bits : 8
    strict_capacity_limit : 0
    memory_allocator : None
    high_pri_pool_ratio: 0.000
  block_cache_compressed: 0x0
  persistent_cache: 0x0
  block_size: 4096
  block_size_deviation: 10
  block_restart_interval: 16
  index_block_restart_interval: 1
  metadata_block_size: 8192
  partition_filters: 1
  use_delta_encoding: 1
  filter_policy: nullptr
  whole_key_filtering: 1
  verify_compression: 0
  read_amp_bytes_per_bit: 0
  format_version: 0
  enable_index_compression: 1
  block_align: 0
2023/04/23-11:53:09.154510 30c87c000        Options.write_buffer_size: 134217728
2023/04/23-11:53:09.154511 30c87c000  Options.max_write_buffer_number: 6
2023/04/23-11:53:09.154513 30c87c000        Options.compression[0]: NoCompression
2023/04/23-11:53:09.154514 30c87c000        Options.compression[1]: NoCompression
2023/04/23-11:53:09.154515 30c87c000        Options.compression[2]: Snappy
2023/04/23-11:53:09.154516 30c87c000        Options.compression[3]: Snappy
2023/04/23-11:53:09.154516 30c87c000        Options.compression[4]: Snappy
2023/04/23-11:53:09.154517 30c87c000        Options.compression[5]: Snappy
2023/04/23-11:53:09.154518 30c87c000        Options.compression[6]: Snappy
2023/04/23-11:53:09.154519 30c87c000                  Options.bottommost_compression: Disabled
2023/04/23-11:53:09.154527 30c87c000       Options.prefix_extractor: rocksdb.FixedPrefix.8
2023/04/23-11:53:09.154530 30c87c000   Options.memtable_insert_with_hint_prefix_extractor: nullptr
2023/04/23-11:53:09.154530 30c87c000             Options.num_levels: 7
2023/04/23-11:53:09.154531 30c87c000        Options.min_write_buffer_number_to_merge: 2
2023/04/23-11:53:09.154532 30c87c000     Options.max_write_buffer_number_to_maintain: 0
2023/04/23-11:53:09.154533 30c87c000            Options.bottommost_compression_opts.window_bits: -14
2023/04/23-11:53:09.154534 30c87c000                  Options.bottommost_compression_opts.level: 32767
2023/04/23-11:53:09.154535 30c87c000               Options.bottommost_compression_opts.strategy: 0
2023/04/23-11:53:09.154536 30c87c000         Options.bottommost_compression_opts.max_dict_bytes: 0
2023/04/23-11:53:09.154536 30c87c000         Options.bottommost_compression_opts.zstd_max_train_bytes: 0
2023/04/23-11:53:09.154537 30c87c000                  Options.bottommost_compression_opts.enabled: false
2023/04/23-11:53:09.154540 30c87c000            Options.compression_opts.window_bits: -14
2023/04/23-11:53:09.154541 30c87c000                  Options.compression_opts.level: 32767
2023/04/23-11:53:09.154541 30c87c000               Options.compression_opts.strategy: 0
2023/04/23-11:53:09.154543 30c87c000         Options.compression_opts.max_dict_bytes: 0
2023/04/23-11:53:09.154544 30c87c000         Options.compression_opts.zstd_max_train_bytes: 0
2023/04/23-11:53:09.154545 30c87c000                  Options.compression_opts.enabled: false
2023/04/23-11:53:09.154546 30c87c000      Options.level0_file_num_compaction_trigger: 2
2023/04/23-11:53:09.154547 30c87c000          Options.level0_slowdown_writes_trigger: 20
2023/04/23-11:53:09.154547 30c87c000              Options.level0_stop_writes_trigger: 40
2023/04/23-11:53:09.154548 30c87c000                   Options.target_file_size_base: 67108864
2023/04/23-11:53:09.154549 30c87c000             Options.target_file_size_multiplier: 1
2023/04/23-11:53:09.154550 30c87c000                Options.max_bytes_for_level_base: 536870912
2023/04/23-11:53:09.154551 30c87c000 Options.level_compaction_dynamic_level_bytes: 0
2023/04/23-11:53:09.154551 30c87c000          Options.max_bytes_for_level_multiplier: 10.000000
2023/04/23-11:53:09.154555 30c87c000 Options.max_bytes_for_level_multiplier_addtl[0]: 1
2023/04/23-11:53:09.154555 30c87c000 Options.max_bytes_for_level_multiplier_addtl[1]: 1
2023/04/23-11:53:09.154569 30c87c000 Options.max_bytes_for_level_multiplier_addtl[2]: 1
2023/04/23-11:53:09.154570 30c87c000 Options.max_bytes_for_level_multiplier_addtl[3]: 1
2023/04/23-11:53:09.154571 30c87c000 Options.max_bytes_for_level_multiplier_addtl[4]: 1
2023/04/23-11:53:09.154571 30c87c000 Options.max_bytes_for_level_multiplier_addtl[5]: 1
2023/04/23-11:53:09.154572 30c87c000 Options.max_bytes_for_level_multiplier_addtl[6]: 1
2023/04/23-11:53:09.154573 30c87c000       Options.max_sequential_skip_in_iterations: 8
2023/04/23-11:53:09.154574 30c87c000                    Options.max_compaction_bytes: 1677721600
2023/04/23-11:53:09.154575 30c87c000                        Options.arena_block_size: 16777216
2023/04/23-11:53:09.154575 30c87c000   Options.soft_pending_compaction_bytes_limit: 68719476736
2023/04/23-11:53:09.154576 30c87c000   Options.hard_pending_compaction_bytes_limit: 274877906944
2023/04/23-11:53:09.154577 30c87c000       Options.rate_limit_delay_max_milliseconds: 100
2023/04/23-11:53:09.154578 30c87c000                Options.disable_auto_compactions: 0
2023/04/23-11:53:09.154579 30c87c000                        Options.compaction_style: kCompactionStyleLevel
2023/04/23-11:53:09.154580 30c87c000                          Options.compaction_pri: kByCompensatedSize
2023/04/23-11:53:09.154581 30c87c000 Options.compaction_options_universal.size_ratio: 1
2023/04/23-11:53:09.154581 30c87c000 Options.compaction_options_universal.min_merge_width: 2
2023/04/23-11:53:09.154582 30c87c000 Options.compaction_options_universal.max_merge_width: 4294967295
2023/04/23-11:53:09.154583 30c87c000 Options.compaction_options_universal.max_size_amplification_percent: 200
2023/04/23-11:53:09.154584 30c87c000 Options.compaction_options_universal.compression_size_percent: -1
2023/04/23-11:53:09.154585 30c87c000 Options.compaction_options_universal.stop_style: kCompactionStopStyleTotalSize
2023/04/23-11:53:09.154586 30c87c000 Options.compaction_options_fifo.max_table_files_size: 1073741824
2023/04/23-11:53:09.154587 30c87c000 Options.compaction_options_fifo.allow_compaction: 0
2023/04/23-11:53:09.154588 30c87c000 Options.compaction_options_fifo.ttl: 0
2023/04/23-11:53:09.154588 30c87c000                   Options.table_properties_collectors: 
2023/04/23-11:53:09.154589 30c87c000                   Options.inplace_update_support: 0
2023/04/23-11:53:09.154590 30c87c000                 Options.inplace_update_num_locks: 10000
2023/04/23-11:53:09.154591 30c87c000               Options.memtable_prefix_bloom_size_ratio: 0.125000
2023/04/23-11:53:09.154592 30c87c000   Options.memtable_huge_page_size: 0
2023/04/23-11:53:09.154593 30c87c000                           Options.bloom_locality: 0
2023/04/23-11:53:09.154593 30c87c000                    Options.max_successive_merges: 0
2023/04/23-11:53:09.154594 30c87c000                Options.optimize_filters_for_hits: 0
2023/04/23-11:53:09.154595 30c87c000                Options.paranoid_file_checks: 0
2023/04/23-11:53:09.154596 30c87c000                Options.force_consistency_checks: 1
2023/04/23-11:53:09.154596 30c87c000                Options.report_bg_io_stats: 0
2023/04/23-11:53:09.154597 30c87c000                               Options.ttl: 0
2023/04/23-11:53:09.159673 30c87c000 [/column_family.cc:474] --------------- Options for column family [Configuration]:
2023/04/23-11:53:09.159685 30c87c000               Options.comparator: leveldb.BytewiseComparator
2023/04/23-11:53:09.159687 30c87c000           Options.merge_operator: StringAppendOperator
2023/04/23-11:53:09.159688 30c87c000        Options.compaction_filter: None
2023/04/23-11:53:09.159688 30c87c000        Options.compaction_filter_factory: None
2023/04/23-11:53:09.159690 30c87c000         Options.memtable_factory: SkipListFactory
2023/04/23-11:53:09.159691 30c87c000            Options.table_factory: BlockBasedTable
2023/04/23-11:53:09.159709 30c87c000            table_factory options:   flush_block_policy_factory: FlushBlockBySizePolicyFactory (0x600000cf87e0)
  cache_index_and_filter_blocks: 0
  cache_index_and_filter_blocks_with_high_priority: 1
  pin_l0_filter_and_index_blocks_in_cache: 1
  pin_top_level_index_and_filter: 1
  index_type: 2
  hash_index_allow_collision: 1
  checksum: 1
  no_block_cache: 0
  block_cache: 0x600003ffa778
  block_cache_name: LRUCache
  block_cache_options:
    capacity : 536870912
    num_shard_bits : 8
    strict_capacity_limit : 0
    memory_allocator : None
    high_pri_pool_ratio: 0.000
  block_cache_compressed: 0x0
  persistent_cache: 0x0
  block_size: 4096
  block_size_deviation: 10
  block_restart_interval: 16
  index_block_restart_interval: 1
  metadata_block_size: 8192
  partition_filters: 1
  use_delta_encoding: 1
  filter_policy: nullptr
  whole_key_filtering: 1
  verify_compression: 0
  read_amp_bytes_per_bit: 0
  format_version: 0
  enable_index_compression: 1
  block_align: 0
2023/04/23-11:53:09.159741 30c87c000        Options.write_buffer_size: 134217728
2023/04/23-11:53:09.159743 30c87c000  Options.max_write_buffer_number: 6
2023/04/23-11:53:09.159744 30c87c000        Options.compression[0]: NoCompression
2023/04/23-11:53:09.159744 30c87c000        Options.compression[1]: NoCompression
2023/04/23-11:53:09.159745 30c87c000        Options.compression[2]: Snappy
2023/04/23-11:53:09.159746 30c87c000        Options.compression[3]: Snappy
2023/04/23-11:53:09.159747 30c87c000        Options.compression[4]: Snappy
2023/04/23-11:53:09.159748 30c87c000        Options.compression[5]: Snappy
2023/04/23-11:53:09.159748 30c87c000        Options.compression[6]: Snappy
2023/04/23-11:53:09.159749 30c87c000                  Options.bottommost_compression: Disabled
2023/04/23-11:53:09.159750 30c87c000       Options.prefix_extractor: rocksdb.FixedPrefix.8
2023/04/23-11:53:09.159751 30c87c000   Options.memtable_insert_with_hint_prefix_extractor: nullptr
2023/04/23-11:53:09.159752 30c87c000             Options.num_levels: 7
2023/04/23-11:53:09.159753 30c87c000        Options.min_write_buffer_number_to_merge: 2
2023/04/23-11:53:09.159753 30c87c000     Options.max_write_buffer_number_to_maintain: 0
2023/04/23-11:53:09.159754 30c87c000            Options.bottommost_compression_opts.window_bits: -14
2023/04/23-11:53:09.159755 30c87c000                  Options.bottommost_compression_opts.level: 32767
2023/04/23-11:53:09.159756 30c87c000               Options.bottommost_compression_opts.strategy: 0
2023/04/23-11:53:09.159757 30c87c000         Options.bottommost_compression_opts.max_dict_bytes: 0
2023/04/23-11:53:09.159757 30c87c000         Options.bottommost_compression_opts.zstd_max_train_bytes: 0
2023/04/23-11:53:09.159758 30c87c000                  Options.bottommost_compression_opts.enabled: false
2023/04/23-11:53:09.159759 30c87c000            Options.compression_opts.window_bits: -14
2023/04/23-11:53:09.159760 30c87c000                  Options.compression_opts.level: 32767
2023/04/23-11:53:09.159760 30c87c000               Options.compression_opts.strategy: 0
2023/04/23-11:53:09.159761 30c87c000         Options.compression_opts.max_dict_bytes: 0
2023/04/23-11:53:09.159762 30c87c000         Options.compression_opts.zstd_max_train_bytes: 0
2023/04/23-11:53:09.159763 30c87c000                  Options.compression_opts.enabled: false
2023/04/23-11:53:09.159764 30c87c000      Options.level0_file_num_compaction_trigger: 2
2023/04/23-11:53:09.159764 30c87c000          Options.level0_slowdown_writes_trigger: 20
2023/04/23-11:53:09.159765 30c87c000              Options.level0_stop_writes_trigger: 40
2023/04/23-11:53:09.159766 30c87c000                   Options.target_file_size_base: 67108864
2023/04/23-11:53:09.159767 30c87c000             Options.target_file_size_multiplier: 1
2023/04/23-11:53:09.159767 30c87c000                Options.max_bytes_for_level_base: 536870912
2023/04/23-11:53:09.159768 30c87c000 Options.level_compaction_dynamic_level_bytes: 0
2023/04/23-11:53:09.159769 30c87c000          Options.max_bytes_for_level_multiplier: 10.000000
2023/04/23-11:53:09.159771 30c87c000 Options.max_bytes_for_level_multiplier_addtl[0]: 1
2023/04/23-11:53:09.159771 30c87c000 Options.max_bytes_for_level_multiplier_addtl[1]: 1
2023/04/23-11:53:09.159780 30c87c000 Options.max_bytes_for_level_multiplier_addtl[2]: 1
2023/04/23-11:53:09.159781 30c87c000 Options.max_bytes_for_level_multiplier_addtl[3]: 1
2023/04/23-11:53:09.159781 30c87c000 Options.max_bytes_for_level_multiplier_addtl[4]: 1
2023/04/23-11:53:09.159782 30c87c000 Options.max_bytes_for_level_multiplier_addtl[5]: 1
2023/04/23-11:53:09.159783 30c87c000 Options.max_bytes_for_level_multiplier_addtl[6]: 1
2023/04/23-11:53:09.159784 30c87c000       Options.max_sequential_skip_in_iterations: 8
2023/04/23-11:53:09.159784 30c87c000                    Options.max_compaction_bytes: 1677721600
2023/04/23-11:53:09.159785 30c87c000                        Options.arena_block_size: 16777216
2023/04/23-11:53:09.159786 30c87c000   Options.soft_pending_compaction_bytes_limit: 68719476736
2023/04/23-11:53:09.159787 30c87c000   Options.hard_pending_compaction_bytes_limit: 274877906944
2023/04/23-11:53:09.159788 30c87c000       Options.rate_limit_delay_max_milliseconds: 100
2023/04/23-11:53:09.159788 30c87c000                Options.disable_auto_compactions: 0
2023/04/23-11:53:09.159790 30c87c000                        Options.compaction_style: kCompactionStyleLevel
2023/04/23-11:53:09.159791 30c87c000                          Options.compaction_pri: kByCompensatedSize
2023/04/23-11:53:09.159791 30c87c000 Options.compaction_options_universal.size_ratio: 1
2023/04/23-11:53:09.159792 30c87c000 Options.compaction_options_universal.min_merge_width: 2
2023/04/23-11:53:09.159793 30c87c000 Options.compaction_options_universal.max_merge_width: 4294967295
2023/04/23-11:53:09.159794 30c87c000 Options.compaction_options_universal.max_size_amplification_percent: 200
2023/04/23-11:53:09.159795 30c87c000 Options.compaction_options_universal.compression_size_percent: -1
2023/04/23-11:53:09.159796 30c87c000 Options.compaction_options_universal.stop_style: kCompactionStopStyleTotalSize
2023/04/23-11:53:09.159796 30c87c000 Options.compaction_options_fifo.max_table_files_size: 1073741824
2023/04/23-11:53:09.159797 30c87c000 Options.compaction_options_fifo.allow_compaction: 0
2023/04/23-11:53:09.159798 30c87c000 Options.compaction_options_fifo.ttl: 0
2023/04/23-11:53:09.159799 30c87c000                   Options.table_properties_collectors: 
2023/04/23-11:53:09.159800 30c87c000                   Options.inplace_update_support: 0
2023/04/23-11:53:09.159800 30c87c000                 Options.inplace_update_num_locks: 10000
2023/04/23-11:53:09.159801 30c87c000               Options.memtable_prefix_bloom_size_ratio: 0.125000
2023/04/23-11:53:09.159802 30c87c000   Options.memtable_huge_page_size: 0
2023/04/23-11:53:09.159803 30c87c000                           Options.bloom_locality: 0
2023/04/23-11:53:09.159804 30c87c000                    Options.max_successive_merges: 0
2023/04/23-11:53:09.159805 30c87c000                Options.optimize_filters_for_hits: 0
2023/04/23-11:53:09.159805 30c87c000                Options.paranoid_file_checks: 0
2023/04/23-11:53:09.159806 30c87c000                Options.force_consistency_checks: 1
2023/04/23-11:53:09.159807 30c87c000                Options.report_bg_io_stats: 0
2023/04/23-11:53:09.159807 30c87c000                               Options.ttl: 0
2023/04/23-11:53:09.165686 30c87c000 [/version_set.cc:3724] Recovered from manifest file:/Users/oovever/Documents/projcet/Github/nacos/nacos-resource/nacos-8848/data/protocol/raft/naming_persistent_service/log/MANIFEST-000091 succeeded,manifest_file_number is 91, next_file_number is 99, last_sequence is 425, log_number is 0,prev_log_number is 0,max_column_family is 1,min_log_number_to_keep is 0
2023/04/23-11:53:09.165696 30c87c000 [/version_set.cc:3732] Column family [default] (ID 0), log number is 90
2023/04/23-11:53:09.165697 30c87c000 [/version_set.cc:3732] Column family [Configuration] (ID 1), log number is 90
2023/04/23-11:53:09.165886 30c87c000 EVENT_LOG_v1 {"time_micros": 1682221989165872, "job": 1, "event": "recovery_started", "log_files": [93]}
2023/04/23-11:53:09.165891 30c87c000 [/db_impl_open.cc:578] Recovering log #93 mode 2
2023/04/23-11:53:09.166489 30c87c000 EVENT_LOG_v1 {"time_micros": 1682221989166478, "cf_name": "default", "job": 1, "event": "table_file_creation", "file_number": 99, "file_size": 723, "table_properties": {"data_size": 0, "index_size": 13, "filter_size": 0, "raw_key_size": 16, "raw_average_key_size": 0, "raw_value_size": 8, "raw_average_value_size": 0, "num_data_blocks": 0, "num_entries": 0, "filter_policy_name": ""}}
2023/04/23-11:53:09.167606 30c87c000 [/version_set.cc:3037] Creating manifest 100
2023/04/23-11:53:09.169007 30c87c000 EVENT_LOG_v1 {"time_micros": 1682221989168993, "cf_name": "Configuration", "job": 1, "event": "table_file_creation", "file_number": 101, "file_size": 859, "table_properties": {"data_size": 50, "index_size": 49, "filter_size": 0, "raw_key_size": 42, "raw_average_key_size": 42, "raw_value_size": 16, "raw_average_value_size": 16, "num_data_blocks": 1, "num_entries": 1, "filter_policy_name": ""}}
2023/04/23-11:53:09.170795 30c87c000 EVENT_LOG_v1 {"time_micros": 1682221989170787, "job": 1, "event": "recovery_finished"}
2023/04/23-11:53:09.174327 30c87c000 [/db_impl_open.cc:1314] DB pointer 0x7ff231aa7200
2023/04/23-11:53:09.174732 31106f000 [WARN] [/db_impl.cc:669] ------- DUMPING STATS -------
2023/04/23-11:53:09.174740 31106f000 [WARN] [/db_impl.cc:670] 
** DB Stats **
Uptime(secs): 0.0 total, 0.0 interval
Cumulative writes: 0 writes, 0 keys, 0 commit groups, 0.0 writes per commit group, ingest: 0.00 GB, 0.00 MB/s
Cumulative WAL: 0 writes, 0 syncs, 0.00 writes per sync, written: 0.00 GB, 0.00 MB/s
Cumulative stall: 00:00:0.000 H:M:S, 0.0 percent
Interval writes: 0 writes, 0 keys, 0 commit groups, 0.0 writes per commit group, ingest: 0.00 MB, 0.00 MB/s
Interval WAL: 0 writes, 0 syncs, 0.00 writes per sync, written: 0.00 MB, 0.00 MB/s
Interval stall: 00:00:0.000 H:M:S, 0.0 percent

** Compaction Stats [default] **
Level    Files   Size     Score Read(GB)  Rn(GB) Rnp1(GB) Write(GB) Wnew(GB) Moved(GB) W-Amp Rd(MB/s) Wr(MB/s) Comp(sec) Comp(cnt) Avg(sec) KeyIn KeyDrop
----------------------------------------------------------------------------------------------------------------------------------------------------------
  L0      1/0    0.71 KB   0.5      0.0     0.0      0.0       0.0      0.0       0.0   1.0      0.0      1.5         0         1    0.000       0      0
 Sum      1/0    0.71 KB   0.0      0.0     0.0      0.0       0.0      0.0       0.0   1.0      0.0      1.5         0         1    0.000       0      0
 Int      0/0    0.00 KB   0.0      0.0     0.0      0.0       0.0      0.0       0.0   1.0      0.0      1.5         0         1    0.000       0      0
Uptime(secs): 0.0 total, 0.0 interval
Flush(GB): cumulative 0.000, interval 0.000
AddFile(GB): cumulative 0.000, interval 0.000
AddFile(Total Files): cumulative 0, interval 0
AddFile(L0 Files): cumulative 0, interval 0
AddFile(Keys): cumulative 0, interval 0
Cumulative compaction: 0.00 GB write, 0.03 MB/s write, 0.00 GB read, 0.00 MB/s read, 0.0 seconds
Interval compaction: 0.00 GB write, 0.03 MB/s write, 0.00 GB read, 0.00 MB/s read, 0.0 seconds
Stalls(count): 0 level0_slowdown, 0 level0_slowdown_with_compaction, 0 level0_numfiles, 0 level0_numfiles_with_compaction, 0 stop for pending_compaction_bytes, 0 slowdown for pending_compaction_bytes, 0 memtable_compaction, 0 memtable_slowdown, interval 0 total count

** File Read Latency Histogram By Level [default] **
** Level 0 read latency histogram (micros):
Count: 5 Average: 2.0000  StdDev: 1.55
Min: 1  Median: 1.0000  Max: 5
Percentiles: P50: 1.00 P75: 1.75 P99: 5.00 P99.9: 5.00 P99.99: 5.00
------------------------------------------------------
[       0,       1 ]        3  60.000%  60.000% ############
(       1,       2 ]        1  20.000%  80.000% ####
(       4,       6 ]        1  20.000% 100.000% ####


** Compaction Stats [Configuration] **
Level    Files   Size     Score Read(GB)  Rn(GB) Rnp1(GB) Write(GB) Wnew(GB) Moved(GB) W-Amp Rd(MB/s) Wr(MB/s) Comp(sec) Comp(cnt) Avg(sec) KeyIn KeyDrop
----------------------------------------------------------------------------------------------------------------------------------------------------------
  L0      1/0    0.84 KB   0.5      0.0     0.0      0.0       0.0      0.0       0.0   1.0      0.0      2.7         0         1    0.000       0      0
  L1      1/0    0.77 KB   0.0      0.0     0.0      0.0       0.0      0.0       0.0   0.0      0.0      0.0         0         0    0.000       0      0
 Sum      2/0    1.61 KB   0.0      0.0     0.0      0.0       0.0      0.0       0.0   1.0      0.0      2.7         0         1    0.000       0      0
 Int      0/0    0.00 KB   0.0      0.0     0.0      0.0       0.0      0.0       0.0   1.0      0.0      2.7         0         1    0.000       0      0
Uptime(secs): 0.0 total, 0.0 interval
Flush(GB): cumulative 0.000, interval 0.000
AddFile(GB): cumulative 0.000, interval 0.000
AddFile(Total Files): cumulative 0, interval 0
AddFile(L0 Files): cumulative 0, interval 0
AddFile(Keys): cumulative 0, interval 0
Cumulative compaction: 0.00 GB write, 0.05 MB/s write, 0.00 GB read, 0.00 MB/s read, 0.0 seconds
Interval compaction: 0.00 GB write, 0.05 MB/s write, 0.00 GB read, 0.00 MB/s read, 0.0 seconds
Stalls(count): 0 level0_slowdown, 0 level0_slowdown_with_compaction, 0 level0_numfiles, 0 level0_numfiles_with_compaction, 0 stop for pending_compaction_bytes, 0 slowdown for pending_compaction_bytes, 0 memtable_compaction, 0 memtable_slowdown, interval 0 total count

** File Read Latency Histogram By Level [Configuration] **
** Level 0 read latency histogram (micros):
Count: 6 Average: 1.6667  StdDev: 0.75
Min: 1  Median: 1.0000  Max: 3
Percentiles: P50: 1.00 P75: 1.75 P99: 2.94 P99.9: 2.99 P99.99: 3.00
------------------------------------------------------
[       0,       1 ]        3  50.000%  50.000% ##########
(       1,       2 ]        2  33.333%  83.333% #######
(       2,       3 ]        1  16.667% 100.000% ###

** Level 1 read latency histogram (micros):
Count: 4 Average: 46.5000  StdDev: 78.23
Min: 1  Median: 1.0000  Max: 182
Percentiles: P50: 1.00 P75: 2.00 P99: 182.00 P99.9: 182.00 P99.99: 182.00
------------------------------------------------------
[       0,       1 ]        2  50.000%  50.000% ##########
(       1,       2 ]        1  25.000%  75.000% #####
(     170,     250 ]        1  25.000% 100.000% #####


** Compaction Stats [default] **
Level    Files   Size     Score Read(GB)  Rn(GB) Rnp1(GB) Write(GB) Wnew(GB) Moved(GB) W-Amp Rd(MB/s) Wr(MB/s) Comp(sec) Comp(cnt) Avg(sec) KeyIn KeyDrop
----------------------------------------------------------------------------------------------------------------------------------------------------------
  L0      1/0    0.71 KB   0.5      0.0     0.0      0.0       0.0      0.0       0.0   1.0      0.0      1.5         0         1    0.000       0      0
 Sum      1/0    0.71 KB   0.0      0.0     0.0      0.0       0.0      0.0       0.0   1.0      0.0      1.5         0         1    0.000       0      0
 Int      0/0    0.00 KB   0.0      0.0     0.0      0.0       0.0      0.0       0.0   0.0      0.0      0.0         0         0    0.000       0      0
Uptime(secs): 0.0 total, 0.0 interval
Flush(GB): cumulative 0.000, interval 0.000
AddFile(GB): cumulative 0.000, interval 0.000
AddFile(Total Files): cumulative 0, interval 0
AddFile(L0 Files): cumulative 0, interval 0
AddFile(Keys): cumulative 0, interval 0
Cumulative compaction: 0.00 GB write, 0.03 MB/s write, 0.00 GB read, 0.00 MB/s read, 0.0 seconds
Interval compaction: 0.00 GB write, 0.00 MB/s write, 0.00 GB read, 0.00 MB/s read, 0.0 seconds
Stalls(count): 0 level0_slowdown, 0 level0_slowdown_with_compaction, 0 level0_numfiles, 0 level0_numfiles_with_compaction, 0 stop for pending_compaction_bytes, 0 slowdown for pending_compaction_bytes, 0 memtable_compaction, 0 memtable_slowdown, interval 0 total count

** File Read Latency Histogram By Level [default] **
** Level 0 read latency histogram (micros):
Count: 5 Average: 2.0000  StdDev: 1.55
Min: 1  Median: 1.0000  Max: 5
Percentiles: P50: 1.00 P75: 1.75 P99: 5.00 P99.9: 5.00 P99.99: 5.00
------------------------------------------------------
[       0,       1 ]        3  60.000%  60.000% ############
(       1,       2 ]        1  20.000%  80.000% ####
(       4,       6 ]        1  20.000% 100.000% ####


** Compaction Stats [Configuration] **
Level    Files   Size     Score Read(GB)  Rn(GB) Rnp1(GB) Write(GB) Wnew(GB) Moved(GB) W-Amp Rd(MB/s) Wr(MB/s) Comp(sec) Comp(cnt) Avg(sec) KeyIn KeyDrop
----------------------------------------------------------------------------------------------------------------------------------------------------------
  L0      1/0    0.84 KB   0.5      0.0     0.0      0.0       0.0      0.0       0.0   1.0      0.0      2.7         0         1    0.000       0      0
  L1      1/0    0.77 KB   0.0      0.0     0.0      0.0       0.0      0.0       0.0   0.0      0.0      0.0         0         0    0.000       0      0
 Sum      2/0    1.61 KB   0.0      0.0     0.0      0.0       0.0      0.0       0.0   1.0      0.0      2.7         0         1    0.000       0      0
 Int      0/0    0.00 KB   0.0      0.0     0.0      0.0       0.0      0.0       0.0   0.0      0.0      0.0         0         0    0.000       0      0
Uptime(secs): 0.0 total, 0.0 interval
Flush(GB): cumulative 0.000, interval 0.000
AddFile(GB): cumulative 0.000, interval 0.000
AddFile(Total Files): cumulative 0, interval 0
AddFile(L0 Files): cumulative 0, interval 0
AddFile(Keys): cumulative 0, interval 0
Cumulative compaction: 0.00 GB write, 0.05 MB/s write, 0.00 GB read, 0.00 MB/s read, 0.0 seconds
Interval compaction: 0.00 GB write, 0.00 MB/s write, 0.00 GB read, 0.00 MB/s read, 0.0 seconds
Stalls(count): 0 level0_slowdown, 0 level0_slowdown_with_compaction, 0 level0_numfiles, 0 level0_numfiles_with_compaction, 0 stop for pending_compaction_bytes, 0 slowdown for pending_compaction_bytes, 0 memtable_compaction, 0 memtable_slowdown, interval 0 total count

** File Read Latency Histogram By Level [Configuration] **
** Level 0 read latency histogram (micros):
Count: 6 Average: 1.6667  StdDev: 0.75
Min: 1  Median: 1.0000  Max: 3
Percentiles: P50: 1.00 P75: 1.75 P99: 2.94 P99.9: 2.99 P99.99: 3.00
------------------------------------------------------
[       0,       1 ]        3  50.000%  50.000% ##########
(       1,       2 ]        2  33.333%  83.333% #######
(       2,       3 ]        1  16.667% 100.000% ###

** Level 1 read latency histogram (micros):
Count: 4 Average: 46.5000  StdDev: 78.23
Min: 1  Median: 1.0000  Max: 182
Percentiles: P50: 1.00 P75: 2.00 P99: 182.00 P99.9: 182.00 P99.99: 182.00
------------------------------------------------------
[       0,       1 ]        2  50.000%  50.000% ##########
(       1,       2 ]        1  25.000%  75.000% #####
(     170,     250 ]        1  25.000% 100.000% #####

2023/04/23-11:53:09.175089 31106f000 [WARN] [/db_impl.cc:617] STATISTICS:
 rocksdb.block.cache.miss COUNT : 3
rocksdb.block.cache.hit COUNT : 0
rocksdb.block.cache.add COUNT : 3
rocksdb.block.cache.add.failures COUNT : 0
rocksdb.block.cache.index.miss COUNT : 1
rocksdb.block.cache.index.hit COUNT : 0
rocksdb.block.cache.index.add COUNT : 1
rocksdb.block.cache.index.bytes.insert COUNT : 102
rocksdb.block.cache.index.bytes.evict COUNT : 0
rocksdb.block.cache.filter.miss COUNT : 0
rocksdb.block.cache.filter.hit COUNT : 0
rocksdb.block.cache.filter.add COUNT : 0
rocksdb.block.cache.filter.bytes.insert COUNT : 0
rocksdb.block.cache.filter.bytes.evict COUNT : 0
rocksdb.block.cache.data.miss COUNT : 2
rocksdb.block.cache.data.hit COUNT : 0
rocksdb.block.cache.data.add COUNT : 2
rocksdb.block.cache.data.bytes.insert COUNT : 230
rocksdb.block.cache.bytes.read COUNT : 0
rocksdb.block.cache.bytes.write COUNT : 332
rocksdb.bloom.filter.useful COUNT : 0
rocksdb.bloom.filter.full.positive COUNT : 0
rocksdb.bloom.filter.full.true.positive COUNT : 0
rocksdb.persistent.cache.hit COUNT : 0
rocksdb.persistent.cache.miss COUNT : 0
rocksdb.sim.block.cache.hit COUNT : 0
rocksdb.sim.block.cache.miss COUNT : 0
rocksdb.memtable.hit COUNT : 0
rocksdb.memtable.miss COUNT : 0
rocksdb.l0.hit COUNT : 0
rocksdb.l1.hit COUNT : 0
rocksdb.l2andup.hit COUNT : 0
rocksdb.compaction.key.drop.new COUNT : 0
rocksdb.compaction.key.drop.obsolete COUNT : 0
rocksdb.compaction.key.drop.range_del COUNT : 0
rocksdb.compaction.key.drop.user COUNT : 0
rocksdb.compaction.range_del.drop.obsolete COUNT : 0
rocksdb.compaction.optimized.del.drop.obsolete COUNT : 0
rocksdb.compaction.cancelled COUNT : 0
rocksdb.number.keys.written COUNT : 0
rocksdb.number.keys.read COUNT : 0
rocksdb.number.keys.updated COUNT : 0
rocksdb.bytes.written COUNT : 0
rocksdb.bytes.read COUNT : 0
rocksdb.number.db.seek COUNT : 0
rocksdb.number.db.next COUNT : 0
rocksdb.number.db.prev COUNT : 0
rocksdb.number.db.seek.found COUNT : 0
rocksdb.number.db.next.found COUNT : 0
rocksdb.number.db.prev.found COUNT : 0
rocksdb.db.iter.bytes.read COUNT : 0
rocksdb.no.file.closes COUNT : 0
rocksdb.no.file.opens COUNT : 3
rocksdb.no.file.errors COUNT : 0
rocksdb.l0.slowdown.micros COUNT : 0
rocksdb.memtable.compaction.micros COUNT : 0
rocksdb.l0.num.files.stall.micros COUNT : 0
rocksdb.stall.micros COUNT : 0
rocksdb.db.mutex.wait.micros COUNT : 0
rocksdb.rate.limit.delay.millis COUNT : 0
rocksdb.num.iterators COUNT : 0
rocksdb.number.multiget.get COUNT : 0
rocksdb.number.multiget.keys.read COUNT : 0
rocksdb.number.multiget.bytes.read COUNT : 0
rocksdb.number.deletes.filtered COUNT : 0
rocksdb.number.merge.failures COUNT : 0
rocksdb.bloom.filter.prefix.checked COUNT : 0
rocksdb.bloom.filter.prefix.useful COUNT : 0
rocksdb.number.reseeks.iteration COUNT : 0
rocksdb.getupdatessince.calls COUNT : 0
rocksdb.block.cachecompressed.miss COUNT : 0
rocksdb.block.cachecompressed.hit COUNT : 0
rocksdb.block.cachecompressed.add COUNT : 0
rocksdb.block.cachecompressed.add.failures COUNT : 0
rocksdb.wal.synced COUNT : 0
rocksdb.wal.bytes COUNT : 0
rocksdb.write.self COUNT : 0
rocksdb.write.other COUNT : 0
rocksdb.write.timeout COUNT : 0
rocksdb.write.wal COUNT : 0
rocksdb.compact.read.bytes COUNT : 0
rocksdb.compact.write.bytes COUNT : 1582
rocksdb.flush.write.bytes COUNT : 0
rocksdb.number.direct.load.table.properties COUNT : 0
rocksdb.number.superversion_acquires COUNT : 0
rocksdb.number.superversion_releases COUNT : 0
rocksdb.number.superversion_cleanups COUNT : 0
rocksdb.number.block.compressed COUNT : 0
rocksdb.number.block.decompressed COUNT : 0
rocksdb.number.block.not_compressed COUNT : 0
rocksdb.merge.operation.time.nanos COUNT : 0
rocksdb.filter.operation.time.nanos COUNT : 0
rocksdb.row.cache.hit COUNT : 0
rocksdb.row.cache.miss COUNT : 0
rocksdb.read.amp.estimate.useful.bytes COUNT : 0
rocksdb.read.amp.total.read.bytes COUNT : 0
rocksdb.number.rate_limiter.drains COUNT : 0
rocksdb.number.iter.skip COUNT : 0
rocksdb.blobdb.num.put COUNT : 0
rocksdb.blobdb.num.write COUNT : 0
rocksdb.blobdb.num.get COUNT : 0
rocksdb.blobdb.num.multiget COUNT : 0
rocksdb.blobdb.num.seek COUNT : 0
rocksdb.blobdb.num.next COUNT : 0
rocksdb.blobdb.num.prev COUNT : 0
rocksdb.blobdb.num.keys.written COUNT : 0
rocksdb.blobdb.num.keys.read COUNT : 0
rocksdb.blobdb.bytes.written COUNT : 0
rocksdb.blobdb.bytes.read COUNT : 0
