2023/04/22-19:47:12.658106 304ce6000 RocksDB version: 5.18.4
2023/04/22-19:47:12.658146 304ce6000 Git sha rocksdb_build_git_sha:b9a4a10659969c71e6f6eab4e4bae8c36ede919f
2023/04/22-19:47:12.658147 304ce6000 Compile date Mar 11 2020
2023/04/22-19:47:12.658150 304ce6000 DB SUMMARY
2023/04/22-19:47:12.658223 304ce6000 CURRENT file:  CURRENT
2023/04/22-19:47:12.658224 304ce6000 IDENTITY file:  IDENTITY
2023/04/22-19:47:12.658262 304ce6000 MANIFEST file:  MANIFEST-000074 size: 307 Bytes
2023/04/22-19:47:12.658264 304ce6000 SST files in /Users/oovever/Documents/projcet/Github/nacos/nacos-resource/nacos-8848/data/protocol/raft/naming_persistent_service/log dir, Total Num: 3, files: 000071.sst 000073.sst 000075.sst 
2023/04/22-19:47:12.658266 304ce6000 Write Ahead Log file in /Users/oovever/Documents/projcet/Github/nacos/nacos-resource/nacos-8848/data/protocol/raft/naming_persistent_service/log: 000076.log size: 203 ; 
2023/04/22-19:47:12.658267 304ce6000                         Options.error_if_exists: 0
2023/04/22-19:47:12.658269 304ce6000                       Options.create_if_missing: 1
2023/04/22-19:47:12.658271 304ce6000                         Options.paranoid_checks: 1
2023/04/22-19:47:12.658272 304ce6000                                     Options.env: 0x1340e9308
2023/04/22-19:47:12.658291 304ce6000                                Options.info_log: 0x6000037f7d40
2023/04/22-19:47:12.658294 304ce6000                Options.max_file_opening_threads: 16
2023/04/22-19:47:12.658295 304ce6000                              Options.statistics: 0x6000026537b0
2023/04/22-19:47:12.658296 304ce6000                               Options.use_fsync: 0
2023/04/22-19:47:12.658297 304ce6000                       Options.max_log_file_size: 0
2023/04/22-19:47:12.658298 304ce6000                  Options.max_manifest_file_size: 1073741824
2023/04/22-19:47:12.658299 304ce6000                   Options.log_file_time_to_roll: 0
2023/04/22-19:47:12.658299 304ce6000                       Options.keep_log_file_num: 1000
2023/04/22-19:47:12.658300 304ce6000                    Options.recycle_log_file_num: 0
2023/04/22-19:47:12.658301 304ce6000                         Options.allow_fallocate: 1
2023/04/22-19:47:12.658302 304ce6000                        Options.allow_mmap_reads: 0
2023/04/22-19:47:12.658302 304ce6000                       Options.allow_mmap_writes: 0
2023/04/22-19:47:12.658303 304ce6000                        Options.use_direct_reads: 0
2023/04/22-19:47:12.658304 304ce6000                        Options.use_direct_io_for_flush_and_compaction: 0
2023/04/22-19:47:12.658305 304ce6000          Options.create_missing_column_families: 1
2023/04/22-19:47:12.658305 304ce6000                              Options.db_log_dir: 
2023/04/22-19:47:12.658306 304ce6000                                 Options.wal_dir: /Users/oovever/Documents/projcet/Github/nacos/nacos-resource/nacos-8848/data/protocol/raft/naming_persistent_service/log
2023/04/22-19:47:12.658307 304ce6000                Options.table_cache_numshardbits: 6
2023/04/22-19:47:12.658308 304ce6000                      Options.max_subcompactions: 1
2023/04/22-19:47:12.658309 304ce6000                  Options.max_background_flushes: 1
2023/04/22-19:47:12.658309 304ce6000                         Options.WAL_ttl_seconds: 0
2023/04/22-19:47:12.658310 304ce6000                       Options.WAL_size_limit_MB: 0
2023/04/22-19:47:12.658311 304ce6000             Options.manifest_preallocation_size: 4194304
2023/04/22-19:47:12.658312 304ce6000                     Options.is_fd_close_on_exec: 1
2023/04/22-19:47:12.658312 304ce6000                   Options.advise_random_on_open: 1
2023/04/22-19:47:12.658313 304ce6000                    Options.db_write_buffer_size: 0
2023/04/22-19:47:12.658314 304ce6000                    Options.write_buffer_manager: 0x600001b0cd50
2023/04/22-19:47:12.658315 304ce6000         Options.access_hint_on_compaction_start: 1
2023/04/22-19:47:12.658316 304ce6000  Options.new_table_reader_for_compaction_inputs: 0
2023/04/22-19:47:12.658316 304ce6000           Options.random_access_max_buffer_size: 1048576
2023/04/22-19:47:12.658317 304ce6000                      Options.use_adaptive_mutex: 0
2023/04/22-19:47:12.658345 304ce6000                            Options.rate_limiter: 0x0
2023/04/22-19:47:12.658349 304ce6000     Options.sst_file_manager.rate_bytes_per_sec: 0
2023/04/22-19:47:12.658350 304ce6000                       Options.wal_recovery_mode: 2
2023/04/22-19:47:12.658351 304ce6000                  Options.enable_thread_tracking: 0
2023/04/22-19:47:12.658352 304ce6000                  Options.enable_pipelined_write: 0
2023/04/22-19:47:12.658353 304ce6000         Options.allow_concurrent_memtable_write: 1
2023/04/22-19:47:12.658353 304ce6000      Options.enable_write_thread_adaptive_yield: 1
2023/04/22-19:47:12.658354 304ce6000             Options.write_thread_max_yield_usec: 100
2023/04/22-19:47:12.658355 304ce6000            Options.write_thread_slow_yield_usec: 3
2023/04/22-19:47:12.658355 304ce6000                               Options.row_cache: None
2023/04/22-19:47:12.658356 304ce6000                              Options.wal_filter: None
2023/04/22-19:47:12.658357 304ce6000             Options.avoid_flush_during_recovery: 0
2023/04/22-19:47:12.658358 304ce6000             Options.allow_ingest_behind: 0
2023/04/22-19:47:12.658359 304ce6000             Options.preserve_deletes: 0
2023/04/22-19:47:12.658359 304ce6000             Options.two_write_queues: 0
2023/04/22-19:47:12.658360 304ce6000             Options.manual_wal_flush: 0
2023/04/22-19:47:12.658361 304ce6000             Options.max_background_jobs: 2
2023/04/22-19:47:12.658362 304ce6000             Options.max_background_compactions: 4
2023/04/22-19:47:12.658362 304ce6000             Options.avoid_flush_during_shutdown: 0
2023/04/22-19:47:12.658363 304ce6000           Options.writable_file_max_buffer_size: 1048576
2023/04/22-19:47:12.658364 304ce6000             Options.delayed_write_rate : 16777216
2023/04/22-19:47:12.658365 304ce6000             Options.max_total_wal_size: 0
2023/04/22-19:47:12.658365 304ce6000             Options.delete_obsolete_files_period_micros: 21600000000
2023/04/22-19:47:12.658366 304ce6000                   Options.stats_dump_period_sec: 600
2023/04/22-19:47:12.658367 304ce6000                          Options.max_open_files: -1
2023/04/22-19:47:12.658368 304ce6000                          Options.bytes_per_sync: 0
2023/04/22-19:47:12.658369 304ce6000                      Options.wal_bytes_per_sync: 0
2023/04/22-19:47:12.658369 304ce6000       Options.compaction_readahead_size: 0
2023/04/22-19:47:12.658370 304ce6000 Compression algorithms supported:
2023/04/22-19:47:12.658376 304ce6000 	kZSTD supported: 1
2023/04/22-19:47:12.658377 304ce6000 	kZlibCompression supported: 1
2023/04/22-19:47:12.658390 304ce6000 	kXpressCompression supported: 0
2023/04/22-19:47:12.658391 304ce6000 	kSnappyCompression supported: 1
2023/04/22-19:47:12.658392 304ce6000 	kZSTDNotFinalCompression supported: 1
2023/04/22-19:47:12.658393 304ce6000 	kLZ4HCCompression supported: 1
2023/04/22-19:47:12.658394 304ce6000 	kLZ4Compression supported: 1
2023/04/22-19:47:12.658395 304ce6000 	kBZip2Compression supported: 1
2023/04/22-19:47:12.658397 304ce6000 Fast CRC32 supported: Not supported on x86
2023/04/22-19:47:12.658551 304ce6000 [/version_set.cc:3508] Recovering from manifest file: MANIFEST-000074
2023/04/22-19:47:12.658656 304ce6000 [/column_family.cc:474] --------------- Options for column family [default]:
2023/04/22-19:47:12.658664 304ce6000               Options.comparator: leveldb.BytewiseComparator
2023/04/22-19:47:12.658667 304ce6000           Options.merge_operator: StringAppendOperator
2023/04/22-19:47:12.658672 304ce6000        Options.compaction_filter: None
2023/04/22-19:47:12.658673 304ce6000        Options.compaction_filter_factory: None
2023/04/22-19:47:12.658675 304ce6000         Options.memtable_factory: SkipListFactory
2023/04/22-19:47:12.658676 304ce6000            Options.table_factory: BlockBasedTable
2023/04/22-19:47:12.659151 304ce6000            table_factory options:   flush_block_policy_factory: FlushBlockBySizePolicyFactory (0x60000163add0)
  cache_index_and_filter_blocks: 0
  cache_index_and_filter_blocks_with_high_priority: 1
  pin_l0_filter_and_index_blocks_in_cache: 1
  pin_top_level_index_and_filter: 1
  index_type: 2
  hash_index_allow_collision: 1
  checksum: 1
  no_block_cache: 0
  block_cache: 0x600002549378
  block_cache_name: LRUCache
  block_cache_options:
    capacity : 536870912
    num_shard_bits : 8
    strict_capacity_limit : 0
    memory_allocator : None
    high_pri_pool_ratio: 0.000
  block_cache_compressed: 0x0
  persistent_cache: 0x0
  block_size: 4096
  block_size_deviation: 10
  block_restart_interval: 16
  index_block_restart_interval: 1
  metadata_block_size: 8192
  partition_filters: 1
  use_delta_encoding: 1
  filter_policy: nullptr
  whole_key_filtering: 1
  verify_compression: 0
  read_amp_bytes_per_bit: 0
  format_version: 0
  enable_index_compression: 1
  block_align: 0
2023/04/22-19:47:12.659170 304ce6000        Options.write_buffer_size: 134217728
2023/04/22-19:47:12.659171 304ce6000  Options.max_write_buffer_number: 6
2023/04/22-19:47:12.659173 304ce6000        Options.compression[0]: NoCompression
2023/04/22-19:47:12.659174 304ce6000        Options.compression[1]: NoCompression
2023/04/22-19:47:12.659175 304ce6000        Options.compression[2]: Snappy
2023/04/22-19:47:12.659176 304ce6000        Options.compression[3]: Snappy
2023/04/22-19:47:12.659176 304ce6000        Options.compression[4]: Snappy
2023/04/22-19:47:12.659177 304ce6000        Options.compression[5]: Snappy
2023/04/22-19:47:12.659178 304ce6000        Options.compression[6]: Snappy
2023/04/22-19:47:12.659179 304ce6000                  Options.bottommost_compression: Disabled
2023/04/22-19:47:12.659180 304ce6000       Options.prefix_extractor: rocksdb.FixedPrefix.8
2023/04/22-19:47:12.659181 304ce6000   Options.memtable_insert_with_hint_prefix_extractor: nullptr
2023/04/22-19:47:12.659182 304ce6000             Options.num_levels: 7
2023/04/22-19:47:12.659183 304ce6000        Options.min_write_buffer_number_to_merge: 2
2023/04/22-19:47:12.659184 304ce6000     Options.max_write_buffer_number_to_maintain: 0
2023/04/22-19:47:12.659185 304ce6000            Options.bottommost_compression_opts.window_bits: -14
2023/04/22-19:47:12.659185 304ce6000                  Options.bottommost_compression_opts.level: 32767
2023/04/22-19:47:12.659186 304ce6000               Options.bottommost_compression_opts.strategy: 0
2023/04/22-19:47:12.659187 304ce6000         Options.bottommost_compression_opts.max_dict_bytes: 0
2023/04/22-19:47:12.659188 304ce6000         Options.bottommost_compression_opts.zstd_max_train_bytes: 0
2023/04/22-19:47:12.659189 304ce6000                  Options.bottommost_compression_opts.enabled: false
2023/04/22-19:47:12.659192 304ce6000            Options.compression_opts.window_bits: -14
2023/04/22-19:47:12.659192 304ce6000                  Options.compression_opts.level: 32767
2023/04/22-19:47:12.659193 304ce6000               Options.compression_opts.strategy: 0
2023/04/22-19:47:12.659194 304ce6000         Options.compression_opts.max_dict_bytes: 0
2023/04/22-19:47:12.659195 304ce6000         Options.compression_opts.zstd_max_train_bytes: 0
2023/04/22-19:47:12.659196 304ce6000                  Options.compression_opts.enabled: false
2023/04/22-19:47:12.659197 304ce6000      Options.level0_file_num_compaction_trigger: 2
2023/04/22-19:47:12.659198 304ce6000          Options.level0_slowdown_writes_trigger: 20
2023/04/22-19:47:12.659199 304ce6000              Options.level0_stop_writes_trigger: 40
2023/04/22-19:47:12.659200 304ce6000                   Options.target_file_size_base: 67108864
2023/04/22-19:47:12.659200 304ce6000             Options.target_file_size_multiplier: 1
2023/04/22-19:47:12.659203 304ce6000                Options.max_bytes_for_level_base: 536870912
2023/04/22-19:47:12.659203 304ce6000 Options.level_compaction_dynamic_level_bytes: 0
2023/04/22-19:47:12.659204 304ce6000          Options.max_bytes_for_level_multiplier: 10.000000
2023/04/22-19:47:12.659212 304ce6000 Options.max_bytes_for_level_multiplier_addtl[0]: 1
2023/04/22-19:47:12.659213 304ce6000 Options.max_bytes_for_level_multiplier_addtl[1]: 1
2023/04/22-19:47:12.659222 304ce6000 Options.max_bytes_for_level_multiplier_addtl[2]: 1
2023/04/22-19:47:12.659223 304ce6000 Options.max_bytes_for_level_multiplier_addtl[3]: 1
2023/04/22-19:47:12.659223 304ce6000 Options.max_bytes_for_level_multiplier_addtl[4]: 1
2023/04/22-19:47:12.659224 304ce6000 Options.max_bytes_for_level_multiplier_addtl[5]: 1
2023/04/22-19:47:12.659225 304ce6000 Options.max_bytes_for_level_multiplier_addtl[6]: 1
2023/04/22-19:47:12.659226 304ce6000       Options.max_sequential_skip_in_iterations: 8
2023/04/22-19:47:12.659227 304ce6000                    Options.max_compaction_bytes: 1677721600
2023/04/22-19:47:12.659228 304ce6000                        Options.arena_block_size: 16777216
2023/04/22-19:47:12.659229 304ce6000   Options.soft_pending_compaction_bytes_limit: 68719476736
2023/04/22-19:47:12.659230 304ce6000   Options.hard_pending_compaction_bytes_limit: 274877906944
2023/04/22-19:47:12.659230 304ce6000       Options.rate_limit_delay_max_milliseconds: 100
2023/04/22-19:47:12.659231 304ce6000                Options.disable_auto_compactions: 0
2023/04/22-19:47:12.659262 304ce6000                        Options.compaction_style: kCompactionStyleLevel
2023/04/22-19:47:12.659265 304ce6000                          Options.compaction_pri: kByCompensatedSize
2023/04/22-19:47:12.659266 304ce6000 Options.compaction_options_universal.size_ratio: 1
2023/04/22-19:47:12.659267 304ce6000 Options.compaction_options_universal.min_merge_width: 2
2023/04/22-19:47:12.659267 304ce6000 Options.compaction_options_universal.max_merge_width: 4294967295
2023/04/22-19:47:12.659268 304ce6000 Options.compaction_options_universal.max_size_amplification_percent: 200
2023/04/22-19:47:12.659274 304ce6000 Options.compaction_options_universal.compression_size_percent: -1
2023/04/22-19:47:12.659339 304ce6000 Options.compaction_options_universal.stop_style: kCompactionStopStyleTotalSize
2023/04/22-19:47:12.659341 304ce6000 Options.compaction_options_fifo.max_table_files_size: 1073741824
2023/04/22-19:47:12.659342 304ce6000 Options.compaction_options_fifo.allow_compaction: 0
2023/04/22-19:47:12.659343 304ce6000 Options.compaction_options_fifo.ttl: 0
2023/04/22-19:47:12.659344 304ce6000                   Options.table_properties_collectors: 
2023/04/22-19:47:12.659345 304ce6000                   Options.inplace_update_support: 0
2023/04/22-19:47:12.659346 304ce6000                 Options.inplace_update_num_locks: 10000
2023/04/22-19:47:12.659347 304ce6000               Options.memtable_prefix_bloom_size_ratio: 0.125000
2023/04/22-19:47:12.659348 304ce6000   Options.memtable_huge_page_size: 0
2023/04/22-19:47:12.659349 304ce6000                           Options.bloom_locality: 0
2023/04/22-19:47:12.659350 304ce6000                    Options.max_successive_merges: 0
2023/04/22-19:47:12.659351 304ce6000                Options.optimize_filters_for_hits: 0
2023/04/22-19:47:12.659352 304ce6000                Options.paranoid_file_checks: 0
2023/04/22-19:47:12.659353 304ce6000                Options.force_consistency_checks: 1
2023/04/22-19:47:12.659353 304ce6000                Options.report_bg_io_stats: 0
2023/04/22-19:47:12.659354 304ce6000                               Options.ttl: 0
2023/04/22-19:47:12.664307 304ce6000 [/column_family.cc:474] --------------- Options for column family [Configuration]:
2023/04/22-19:47:12.664312 304ce6000               Options.comparator: leveldb.BytewiseComparator
2023/04/22-19:47:12.664313 304ce6000           Options.merge_operator: StringAppendOperator
2023/04/22-19:47:12.664315 304ce6000        Options.compaction_filter: None
2023/04/22-19:47:12.664316 304ce6000        Options.compaction_filter_factory: None
2023/04/22-19:47:12.664317 304ce6000         Options.memtable_factory: SkipListFactory
2023/04/22-19:47:12.664318 304ce6000            Options.table_factory: BlockBasedTable
2023/04/22-19:47:12.664331 304ce6000            table_factory options:   flush_block_policy_factory: FlushBlockBySizePolicyFactory (0x60000163add0)
  cache_index_and_filter_blocks: 0
  cache_index_and_filter_blocks_with_high_priority: 1
  pin_l0_filter_and_index_blocks_in_cache: 1
  pin_top_level_index_and_filter: 1
  index_type: 2
  hash_index_allow_collision: 1
  checksum: 1
  no_block_cache: 0
  block_cache: 0x600002549378
  block_cache_name: LRUCache
  block_cache_options:
    capacity : 536870912
    num_shard_bits : 8
    strict_capacity_limit : 0
    memory_allocator : None
    high_pri_pool_ratio: 0.000
  block_cache_compressed: 0x0
  persistent_cache: 0x0
  block_size: 4096
  block_size_deviation: 10
  block_restart_interval: 16
  index_block_restart_interval: 1
  metadata_block_size: 8192
  partition_filters: 1
  use_delta_encoding: 1
  filter_policy: nullptr
  whole_key_filtering: 1
  verify_compression: 0
  read_amp_bytes_per_bit: 0
  format_version: 0
  enable_index_compression: 1
  block_align: 0
2023/04/22-19:47:12.664365 304ce6000        Options.write_buffer_size: 134217728
2023/04/22-19:47:12.664366 304ce6000  Options.max_write_buffer_number: 6
2023/04/22-19:47:12.664367 304ce6000        Options.compression[0]: NoCompression
2023/04/22-19:47:12.664368 304ce6000        Options.compression[1]: NoCompression
2023/04/22-19:47:12.664369 304ce6000        Options.compression[2]: Snappy
2023/04/22-19:47:12.664369 304ce6000        Options.compression[3]: Snappy
2023/04/22-19:47:12.664370 304ce6000        Options.compression[4]: Snappy
2023/04/22-19:47:12.664371 304ce6000        Options.compression[5]: Snappy
2023/04/22-19:47:12.664372 304ce6000        Options.compression[6]: Snappy
2023/04/22-19:47:12.664372 304ce6000                  Options.bottommost_compression: Disabled
2023/04/22-19:47:12.664374 304ce6000       Options.prefix_extractor: rocksdb.FixedPrefix.8
2023/04/22-19:47:12.664375 304ce6000   Options.memtable_insert_with_hint_prefix_extractor: nullptr
2023/04/22-19:47:12.664375 304ce6000             Options.num_levels: 7
2023/04/22-19:47:12.664376 304ce6000        Options.min_write_buffer_number_to_merge: 2
2023/04/22-19:47:12.664377 304ce6000     Options.max_write_buffer_number_to_maintain: 0
2023/04/22-19:47:12.664378 304ce6000            Options.bottommost_compression_opts.window_bits: -14
2023/04/22-19:47:12.664378 304ce6000                  Options.bottommost_compression_opts.level: 32767
2023/04/22-19:47:12.664379 304ce6000               Options.bottommost_compression_opts.strategy: 0
2023/04/22-19:47:12.664380 304ce6000         Options.bottommost_compression_opts.max_dict_bytes: 0
2023/04/22-19:47:12.664381 304ce6000         Options.bottommost_compression_opts.zstd_max_train_bytes: 0
2023/04/22-19:47:12.664381 304ce6000                  Options.bottommost_compression_opts.enabled: false
2023/04/22-19:47:12.664382 304ce6000            Options.compression_opts.window_bits: -14
2023/04/22-19:47:12.664383 304ce6000                  Options.compression_opts.level: 32767
2023/04/22-19:47:12.664384 304ce6000               Options.compression_opts.strategy: 0
2023/04/22-19:47:12.664386 304ce6000         Options.compression_opts.max_dict_bytes: 0
2023/04/22-19:47:12.664387 304ce6000         Options.compression_opts.zstd_max_train_bytes: 0
2023/04/22-19:47:12.664387 304ce6000                  Options.compression_opts.enabled: false
2023/04/22-19:47:12.664388 304ce6000      Options.level0_file_num_compaction_trigger: 2
2023/04/22-19:47:12.664389 304ce6000          Options.level0_slowdown_writes_trigger: 20
2023/04/22-19:47:12.664390 304ce6000              Options.level0_stop_writes_trigger: 40
2023/04/22-19:47:12.664390 304ce6000                   Options.target_file_size_base: 67108864
2023/04/22-19:47:12.664391 304ce6000             Options.target_file_size_multiplier: 1
2023/04/22-19:47:12.664392 304ce6000                Options.max_bytes_for_level_base: 536870912
2023/04/22-19:47:12.664393 304ce6000 Options.level_compaction_dynamic_level_bytes: 0
2023/04/22-19:47:12.664393 304ce6000          Options.max_bytes_for_level_multiplier: 10.000000
2023/04/22-19:47:12.664397 304ce6000 Options.max_bytes_for_level_multiplier_addtl[0]: 1
2023/04/22-19:47:12.664398 304ce6000 Options.max_bytes_for_level_multiplier_addtl[1]: 1
2023/04/22-19:47:12.664406 304ce6000 Options.max_bytes_for_level_multiplier_addtl[2]: 1
2023/04/22-19:47:12.664407 304ce6000 Options.max_bytes_for_level_multiplier_addtl[3]: 1
2023/04/22-19:47:12.664408 304ce6000 Options.max_bytes_for_level_multiplier_addtl[4]: 1
2023/04/22-19:47:12.664409 304ce6000 Options.max_bytes_for_level_multiplier_addtl[5]: 1
2023/04/22-19:47:12.664409 304ce6000 Options.max_bytes_for_level_multiplier_addtl[6]: 1
2023/04/22-19:47:12.664410 304ce6000       Options.max_sequential_skip_in_iterations: 8
2023/04/22-19:47:12.664411 304ce6000                    Options.max_compaction_bytes: 1677721600
2023/04/22-19:47:12.664412 304ce6000                        Options.arena_block_size: 16777216
2023/04/22-19:47:12.664412 304ce6000   Options.soft_pending_compaction_bytes_limit: 68719476736
2023/04/22-19:47:12.664413 304ce6000   Options.hard_pending_compaction_bytes_limit: 274877906944
2023/04/22-19:47:12.664414 304ce6000       Options.rate_limit_delay_max_milliseconds: 100
2023/04/22-19:47:12.664415 304ce6000                Options.disable_auto_compactions: 0
2023/04/22-19:47:12.664416 304ce6000                        Options.compaction_style: kCompactionStyleLevel
2023/04/22-19:47:12.664417 304ce6000                          Options.compaction_pri: kByCompensatedSize
2023/04/22-19:47:12.664417 304ce6000 Options.compaction_options_universal.size_ratio: 1
2023/04/22-19:47:12.664418 304ce6000 Options.compaction_options_universal.min_merge_width: 2
2023/04/22-19:47:12.664419 304ce6000 Options.compaction_options_universal.max_merge_width: 4294967295
2023/04/22-19:47:12.664420 304ce6000 Options.compaction_options_universal.max_size_amplification_percent: 200
2023/04/22-19:47:12.664421 304ce6000 Options.compaction_options_universal.compression_size_percent: -1
2023/04/22-19:47:12.664422 304ce6000 Options.compaction_options_universal.stop_style: kCompactionStopStyleTotalSize
2023/04/22-19:47:12.664422 304ce6000 Options.compaction_options_fifo.max_table_files_size: 1073741824
2023/04/22-19:47:12.664423 304ce6000 Options.compaction_options_fifo.allow_compaction: 0
2023/04/22-19:47:12.664424 304ce6000 Options.compaction_options_fifo.ttl: 0
2023/04/22-19:47:12.664425 304ce6000                   Options.table_properties_collectors: 
2023/04/22-19:47:12.664426 304ce6000                   Options.inplace_update_support: 0
2023/04/22-19:47:12.664426 304ce6000                 Options.inplace_update_num_locks: 10000
2023/04/22-19:47:12.664427 304ce6000               Options.memtable_prefix_bloom_size_ratio: 0.125000
2023/04/22-19:47:12.664428 304ce6000   Options.memtable_huge_page_size: 0
2023/04/22-19:47:12.664429 304ce6000                           Options.bloom_locality: 0
2023/04/22-19:47:12.664430 304ce6000                    Options.max_successive_merges: 0
2023/04/22-19:47:12.664430 304ce6000                Options.optimize_filters_for_hits: 0
2023/04/22-19:47:12.664431 304ce6000                Options.paranoid_file_checks: 0
2023/04/22-19:47:12.664432 304ce6000                Options.force_consistency_checks: 1
2023/04/22-19:47:12.664432 304ce6000                Options.report_bg_io_stats: 0
2023/04/22-19:47:12.664433 304ce6000                               Options.ttl: 0
2023/04/22-19:47:12.670348 304ce6000 [/version_set.cc:3724] Recovered from manifest file:/Users/oovever/Documents/projcet/Github/nacos/nacos-resource/nacos-8848/data/protocol/raft/naming_persistent_service/log/MANIFEST-000074 succeeded,manifest_file_number is 74, next_file_number is 77, last_sequence is 395, log_number is 0,prev_log_number is 0,max_column_family is 1,min_log_number_to_keep is 0
2023/04/22-19:47:12.670359 304ce6000 [/version_set.cc:3732] Column family [default] (ID 0), log number is 68
2023/04/22-19:47:12.670360 304ce6000 [/version_set.cc:3732] Column family [Configuration] (ID 1), log number is 68
2023/04/22-19:47:12.670961 304ce6000 EVENT_LOG_v1 {"time_micros": 1682164032670948, "job": 1, "event": "recovery_started", "log_files": [76]}
2023/04/22-19:47:12.670969 304ce6000 [/db_impl_open.cc:578] Recovering log #76 mode 2
2023/04/22-19:47:12.671901 304ce6000 EVENT_LOG_v1 {"time_micros": 1682164032671888, "cf_name": "default", "job": 1, "event": "table_file_creation", "file_number": 77, "file_size": 723, "table_properties": {"data_size": 0, "index_size": 13, "filter_size": 0, "raw_key_size": 16, "raw_average_key_size": 0, "raw_value_size": 8, "raw_average_value_size": 0, "num_data_blocks": 0, "num_entries": 0, "filter_policy_name": ""}}
2023/04/22-19:47:12.672958 304ce6000 [/version_set.cc:3037] Creating manifest 78
2023/04/22-19:47:12.673892 304ce6000 EVENT_LOG_v1 {"time_micros": 1682164032673879, "cf_name": "Configuration", "job": 1, "event": "table_file_creation", "file_number": 79, "file_size": 859, "table_properties": {"data_size": 50, "index_size": 49, "filter_size": 0, "raw_key_size": 42, "raw_average_key_size": 42, "raw_value_size": 16, "raw_average_value_size": 16, "num_data_blocks": 1, "num_entries": 1, "filter_policy_name": ""}}
2023/04/22-19:47:12.675164 304ce6000 EVENT_LOG_v1 {"time_micros": 1682164032675155, "job": 1, "event": "recovery_finished"}
2023/04/22-19:47:12.681147 304ce6000 [/db_impl_open.cc:1314] DB pointer 0x7ff48d9dbe00
2023/04/22-19:47:12.681158 3091c0000 [/compaction_job.cc:1688] [default] [JOB 3] Compacting 2@0 files to L1, score 1.00
2023/04/22-19:47:12.681169 3091c0000 [/compaction_job.cc:1692] [default] Compaction start summary: Base version 4 Base level 0, inputs: [77(723B) 73(723B)]
2023/04/22-19:47:12.681184 3091c0000 EVENT_LOG_v1 {"time_micros": 1682164032681174, "job": 3, "event": "compaction_started", "compaction_reason": "LevelL0FilesNum", "files_L0": [77, 73], "score": 1, "input_data_size": 1446}
2023/04/22-19:47:12.681399 3094cf000 [WARN] [/db_impl.cc:669] ------- DUMPING STATS -------
2023/04/22-19:47:12.681403 3094cf000 [WARN] [/db_impl.cc:670] 
** DB Stats **
Uptime(secs): 0.0 total, 0.0 interval
Cumulative writes: 0 writes, 0 keys, 0 commit groups, 0.0 writes per commit group, ingest: 0.00 GB, 0.00 MB/s
Cumulative WAL: 0 writes, 0 syncs, 0.00 writes per sync, written: 0.00 GB, 0.00 MB/s
Cumulative stall: 00:00:0.000 H:M:S, 0.0 percent
Interval writes: 0 writes, 0 keys, 0 commit groups, 0.0 writes per commit group, ingest: 0.00 MB, 0.00 MB/s
Interval WAL: 0 writes, 0 syncs, 0.00 writes per sync, written: 0.00 MB, 0.00 MB/s
Interval stall: 00:00:0.000 H:M:S, 0.0 percent

** Compaction Stats [default] **
Level    Files   Size     Score Read(GB)  Rn(GB) Rnp1(GB) Write(GB) Wnew(GB) Moved(GB) W-Amp Rd(MB/s) Wr(MB/s) Comp(sec) Comp(cnt) Avg(sec) KeyIn KeyDrop
----------------------------------------------------------------------------------------------------------------------------------------------------------
  L0      2/2    1.41 KB   0.0      0.0     0.0      0.0       0.0      0.0       0.0   1.0      0.0      0.8         0         1    0.001       0      0
 Sum      2/2    1.41 KB   0.0      0.0     0.0      0.0       0.0      0.0       0.0   1.0      0.0      0.8         0         1    0.001       0      0
 Int      0/0    0.00 KB   0.0      0.0     0.0      0.0       0.0      0.0       0.0   1.0      0.0      0.8         0         1    0.001       0      0
Uptime(secs): 0.0 total, 0.0 interval
Flush(GB): cumulative 0.000, interval 0.000
AddFile(GB): cumulative 0.000, interval 0.000
AddFile(Total Files): cumulative 0, interval 0
AddFile(L0 Files): cumulative 0, interval 0
AddFile(Keys): cumulative 0, interval 0
Cumulative compaction: 0.00 GB write, 0.03 MB/s write, 0.00 GB read, 0.00 MB/s read, 0.0 seconds
Interval compaction: 0.00 GB write, 0.03 MB/s write, 0.00 GB read, 0.00 MB/s read, 0.0 seconds
Stalls(count): 0 level0_slowdown, 0 level0_slowdown_with_compaction, 0 level0_numfiles, 0 level0_numfiles_with_compaction, 0 stop for pending_compaction_bytes, 0 slowdown for pending_compaction_bytes, 0 memtable_compaction, 0 memtable_slowdown, interval 0 total count

** File Read Latency Histogram By Level [default] **
** Level 0 read latency histogram (micros):
Count: 10 Average: 1.6000  StdDev: 0.92
Min: 1  Median: 1.0000  Max: 4
Percentiles: P50: 1.00 P75: 1.50 P99: 3.90 P99.9: 3.99 P99.99: 4.00
------------------------------------------------------
[       0,       1 ]        6  60.000%  60.000% ############
(       1,       2 ]        3  30.000%  90.000% ######
(       3,       4 ]        1  10.000% 100.000% ##


** Compaction Stats [Configuration] **
Level    Files   Size     Score Read(GB)  Rn(GB) Rnp1(GB) Write(GB) Wnew(GB) Moved(GB) W-Amp Rd(MB/s) Wr(MB/s) Comp(sec) Comp(cnt) Avg(sec) KeyIn KeyDrop
----------------------------------------------------------------------------------------------------------------------------------------------------------
  L0      2/0    1.68 KB   1.0      0.0     0.0      0.0       0.0      0.0       0.0   1.0      0.0      2.3         0         1    0.000       0      0
  L1      1/0    0.77 KB   0.0      0.0     0.0      0.0       0.0      0.0       0.0   0.0      0.0      0.0         0         0    0.000       0      0
 Sum      3/0    2.45 KB   0.0      0.0     0.0      0.0       0.0      0.0       0.0   1.0      0.0      2.3         0         1    0.000       0      0
 Int      0/0    0.00 KB   0.0      0.0     0.0      0.0       0.0      0.0       0.0   1.0      0.0      2.3         0         1    0.000       0      0
Uptime(secs): 0.0 total, 0.0 interval
Flush(GB): cumulative 0.000, interval 0.000
AddFile(GB): cumulative 0.000, interval 0.000
AddFile(Total Files): cumulative 0, interval 0
AddFile(L0 Files): cumulative 0, interval 0
AddFile(Keys): cumulative 0, interval 0
Cumulative compaction: 0.00 GB write, 0.05 MB/s write, 0.00 GB read, 0.00 MB/s read, 0.0 seconds
Interval compaction: 0.00 GB write, 0.05 MB/s write, 0.00 GB read, 0.00 MB/s read, 0.0 seconds
Stalls(count): 0 level0_slowdown, 0 level0_slowdown_with_compaction, 0 level0_numfiles, 0 level0_numfiles_with_compaction, 0 stop for pending_compaction_bytes, 0 slowdown for pending_compaction_bytes, 0 memtable_compaction, 0 memtable_slowdown, interval 0 total count

** File Read Latency Histogram By Level [Configuration] **
** Level 0 read latency histogram (micros):
Count: 12 Average: 1.9167  StdDev: 1.19
Min: 0  Median: 1.2500  Max: 4
Percentiles: P50: 1.25 P75: 2.00 P99: 3.94 P99.9: 3.99 P99.99: 4.00
------------------------------------------------------
[       0,       1 ]        5  41.667%  41.667% ########
(       1,       2 ]        4  33.333%  75.000% #######
(       2,       3 ]        1   8.333%  83.333% ##
(       3,       4 ]        2  16.667% 100.000% ###

** Level 1 read latency histogram (micros):
Count: 4 Average: 2.2500  StdDev: 0.43
Min: 2  Median: 2.0000  Max: 3
Percentiles: P50: 2.00 P75: 2.00 P99: 2.96 P99.9: 3.00 P99.99: 3.00
------------------------------------------------------
(       1,       2 ]        3  75.000%  75.000% ###############
(       2,       3 ]        1  25.000% 100.000% #####


** Compaction Stats [default] **
Level    Files   Size     Score Read(GB)  Rn(GB) Rnp1(GB) Write(GB) Wnew(GB) Moved(GB) W-Amp Rd(MB/s) Wr(MB/s) Comp(sec) Comp(cnt) Avg(sec) KeyIn KeyDrop
----------------------------------------------------------------------------------------------------------------------------------------------------------
  L0      2/2    1.41 KB   0.0      0.0     0.0      0.0       0.0      0.0       0.0   1.0      0.0      0.8         0         1    0.001       0      0
 Sum      2/2    1.41 KB   0.0      0.0     0.0      0.0       0.0      0.0       0.0   1.0      0.0      0.8         0         1    0.001       0      0
 Int      0/0    0.00 KB   0.0      0.0     0.0      0.0       0.0      0.0       0.0   0.0      0.0      0.0         0         0    0.000       0      0
Uptime(secs): 0.0 total, 0.0 interval
Flush(GB): cumulative 0.000, interval 0.000
AddFile(GB): cumulative 0.000, interval 0.000
AddFile(Total Files): cumulative 0, interval 0
AddFile(L0 Files): cumulative 0, interval 0
AddFile(Keys): cumulative 0, interval 0
Cumulative compaction: 0.00 GB write, 0.03 MB/s write, 0.00 GB read, 0.00 MB/s read, 0.0 seconds
Interval compaction: 0.00 GB write, 0.00 MB/s write, 0.00 GB read, 0.00 MB/s read, 0.0 seconds
Stalls(count): 0 level0_slowdown, 0 level0_slowdown_with_compaction, 0 level0_numfiles, 0 level0_numfiles_with_compaction, 0 stop for pending_compaction_bytes, 0 slowdown for pending_compaction_bytes, 0 memtable_compaction, 0 memtable_slowdown, interval 0 total count

** File Read Latency Histogram By Level [default] **
** Level 0 read latency histogram (micros):
Count: 10 Average: 1.6000  StdDev: 0.92
Min: 1  Median: 1.0000  Max: 4
Percentiles: P50: 1.00 P75: 1.50 P99: 3.90 P99.9: 3.99 P99.99: 4.00
------------------------------------------------------
[       0,       1 ]        6  60.000%  60.000% ############
(       1,       2 ]        3  30.000%  90.000% ######
(       3,       4 ]        1  10.000% 100.000% ##


** Compaction Stats [Configuration] **
Level    Files   Size     Score Read(GB)  Rn(GB) Rnp1(GB) Write(GB) Wnew(GB) Moved(GB) W-Amp Rd(MB/s) Wr(MB/s) Comp(sec) Comp(cnt) Avg(sec) KeyIn KeyDrop
----------------------------------------------------------------------------------------------------------------------------------------------------------
  L0      2/0    1.68 KB   1.0      0.0     0.0      0.0       0.0      0.0       0.0   1.0      0.0      2.3         0         1    0.000       0      0
  L1      1/0    0.77 KB   0.0      0.0     0.0      0.0       0.0      0.0       0.0   0.0      0.0      0.0         0         0    0.000       0      0
 Sum      3/0    2.45 KB   0.0      0.0     0.0      0.0       0.0      0.0       0.0   1.0      0.0      2.3         0         1    0.000       0      0
 Int      0/0    0.00 KB   0.0      0.0     0.0      0.0       0.0      0.0       0.0   0.0      0.0      0.0         0         0    0.000       0      0
Uptime(secs): 0.0 total, 0.0 interval
Flush(GB): cumulative 0.000, interval 0.000
AddFile(GB): cumulative 0.000, interval 0.000
AddFile(Total Files): cumulative 0, interval 0
AddFile(L0 Files): cumulative 0, interval 0
AddFile(Keys): cumulative 0, interval 0
Cumulative compaction: 0.00 GB write, 0.05 MB/s write, 0.00 GB read, 0.00 MB/s read, 0.0 seconds
Interval compaction: 0.00 GB write, 0.00 MB/s write, 0.00 GB read, 0.00 MB/s read, 0.0 seconds
Stalls(count): 0 level0_slowdown, 0 level0_slowdown_with_compaction, 0 level0_numfiles, 0 level0_numfiles_with_compaction, 0 stop for pending_compaction_bytes, 0 slowdown for pending_compaction_bytes, 0 memtable_compaction, 0 memtable_slowdown, interval 0 total count

** File Read Latency Histogram By Level [Configuration] **
** Level 0 read latency histogram (micros):
Count: 12 Average: 1.9167  StdDev: 1.19
Min: 0  Median: 1.2500  Max: 4
Percentiles: P50: 1.25 P75: 2.00 P99: 3.94 P99.9: 3.99 P99.99: 4.00
------------------------------------------------------
[       0,       1 ]        5  41.667%  41.667% ########
(       1,       2 ]        4  33.333%  75.000% #######
(       2,       3 ]        1   8.333%  83.333% ##
(       3,       4 ]        2  16.667% 100.000% ###

** Level 1 read latency histogram (micros):
Count: 4 Average: 2.2500  StdDev: 0.43
Min: 2  Median: 2.0000  Max: 3
Percentiles: P50: 2.00 P75: 2.00 P99: 2.96 P99.9: 3.00 P99.99: 3.00
------------------------------------------------------
(       1,       2 ]        3  75.000%  75.000% ###############
(       2,       3 ]        1  25.000% 100.000% #####

2023/04/22-19:47:12.681503 3091c0000 EVENT_LOG_v1 {"time_micros": 1682164032681491, "cf_name": "default", "job": 3, "event": "table_file_creation", "file_number": 0, "file_size": 0, "table_properties": {"data_size": 0, "index_size": 13, "filter_size": 0, "raw_key_size": 0, "raw_average_key_size": 0, "raw_value_size": 0, "raw_average_value_size": 0, "num_data_blocks": 0, "num_entries": 0, "filter_policy_name": ""}}
2023/04/22-19:47:12.681526 3091c0000 [/compaction_job.cc:1440] [default] [JOB 3] Compacted 2@0 files to L1 => 657 bytes
2023/04/22-19:47:12.681614 3091c0000 (Original Log Time 2023/04/22-19:47:12.681584) [/compaction_job.cc:762] [default] compacted to: files[0 0 0 0 0 0 0] max score 0.00, MB/sec: 4.4 rd, 0.0 wr, level 1, files in(2, 0) out(0) MB in(0.0, 0.0) out(0.0), read-write-amplify(1.0) write-amplify(0.0) OK, records in: 0, records dropped: 0 output_compression: NoCompression
2023/04/22-19:47:12.681616 3091c0000 (Original Log Time 2023/04/22-19:47:12.681601) EVENT_LOG_v1 {"time_micros": 1682164032681589, "job": 3, "event": "compaction_finished", "compaction_time_micros": 328, "output_level": 1, "num_output_files": 0, "total_output_size": 657, "num_input_records": 0, "num_output_records": 0, "num_subcompactions": 1, "output_compression": "NoCompression", "num_single_delete_mismatches": 0, "num_single_delete_fallthrough": 0, "lsm_state": [0, 0, 0, 0, 0, 0, 0]}
2023/04/22-19:47:12.681685 3091c0000 EVENT_LOG_v1 {"time_micros": 1682164032681682, "job": 3, "event": "table_file_deletion", "file_number": 77}
2023/04/22-19:47:12.681709 3094cf000 [WARN] [/db_impl.cc:617] STATISTICS:
 rocksdb.block.cache.miss COUNT : 6
rocksdb.block.cache.hit COUNT : 0
rocksdb.block.cache.add COUNT : 6
rocksdb.block.cache.add.failures COUNT : 0
rocksdb.block.cache.index.miss COUNT : 2
rocksdb.block.cache.index.hit COUNT : 0
rocksdb.block.cache.index.add COUNT : 2
rocksdb.block.cache.index.bytes.insert COUNT : 204
rocksdb.block.cache.index.bytes.evict COUNT : 0
rocksdb.block.cache.filter.miss COUNT : 0
rocksdb.block.cache.filter.hit COUNT : 0
rocksdb.block.cache.filter.add COUNT : 0
rocksdb.block.cache.filter.bytes.insert COUNT : 0
rocksdb.block.cache.filter.bytes.evict COUNT : 0
rocksdb.block.cache.data.miss COUNT : 4
rocksdb.block.cache.data.hit COUNT : 0
rocksdb.block.cache.data.add COUNT : 4
rocksdb.block.cache.data.bytes.insert COUNT : 460
rocksdb.block.cache.bytes.read COUNT : 0
rocksdb.block.cache.bytes.write COUNT : 664
rocksdb.bloom.filter.useful COUNT : 0
rocksdb.bloom.filter.full.positive COUNT : 0
rocksdb.bloom.filter.full.true.positive COUNT : 0
rocksdb.persistent.cache.hit COUNT : 0
rocksdb.persistent.cache.miss COUNT : 0
rocksdb.sim.block.cache.hit COUNT : 0
rocksdb.sim.block.cache.miss COUNT : 0
rocksdb.memtable.hit COUNT : 0
rocksdb.memtable.miss COUNT : 0
rocksdb.l0.hit COUNT : 0
rocksdb.l1.hit COUNT : 0
rocksdb.l2andup.hit COUNT : 0
rocksdb.compaction.key.drop.new COUNT : 0
rocksdb.compaction.key.drop.obsolete COUNT : 0
rocksdb.compaction.key.drop.range_del COUNT : 0
rocksdb.compaction.key.drop.user COUNT : 0
rocksdb.compaction.range_del.drop.obsolete COUNT : 0
rocksdb.compaction.optimized.del.drop.obsolete COUNT : 0
rocksdb.compaction.cancelled COUNT : 0
rocksdb.number.keys.written COUNT : 0
rocksdb.number.keys.read COUNT : 0
rocksdb.number.keys.updated COUNT : 0
rocksdb.bytes.written COUNT : 0
rocksdb.bytes.read COUNT : 0
rocksdb.number.db.seek COUNT : 0
rocksdb.number.db.next COUNT : 0
rocksdb.number.db.prev COUNT : 0
rocksdb.number.db.seek.found COUNT : 0
rocksdb.number.db.next.found COUNT : 0
rocksdb.number.db.prev.found COUNT : 0
rocksdb.db.iter.bytes.read COUNT : 0
rocksdb.no.file.closes COUNT : 0
rocksdb.no.file.opens COUNT : 5
rocksdb.no.file.errors COUNT : 0
rocksdb.l0.slowdown.micros COUNT : 0
rocksdb.memtable.compaction.micros COUNT : 0
rocksdb.l0.num.files.stall.micros COUNT : 0
rocksdb.stall.micros COUNT : 0
